[app/ui]
version = 8.2.4
modtime = 1650452383.455889000

[app/launcher]
version = 8.2.4
modtime = 1650452383.458553000
